1602
1902
1905
1972
1998
2230
1582
1582
2301
1700
1700
2705
2726
2741
2751
2954
2968
3544
3605
4268
4310
4333
4547
4582
3262
4585
3458
3458
4989
5019
5421
5429
5546
5564
5654
6005
4242
6006
6169
6249
6302
6322
6362
4683
6428
6485
6497
6528
6572
6582
6595
6669
7023
7094
7390
7395
7535
5613
5613
7776
7892
7908
8100
8155
8295
8326
8351
6153
8456
8466
8468
8471
8487
8603
8726
9013
9555
7241
9642
9767
9921
9940
10028
10171
10284
10346
10608
10726
10761
10802
10849
10862
8253
10885
10905
8536
8536
11206
11480
11656
11657
11680
11693
11705
11706
11777
11786
9258
9258
11846
11859
11867
11883
12158
9552
12391
12411
12438
9865
12645
12651
12673
10220
10220
13199
13533
13632
13645
13770
13781
13804
11101
11101
14007
14016
14032
14567
14633
14695
14730
11835
15074
15142
15183
15450
15465
12354
15684
15720
15788
15900
15917
16016
12918
16116
12967
16237
16455
16551
16813
16910
13493
13582
13631
17013
17086
17096
17151
17155
17170
17198
17302
14179
14179
17600
17740
17750
14473
18011
14616
14616
18075
14682
18098
18420
14975
14975
18656
18674
15232
15232
18751
18783
15330
18809
18820
18835
18850
18918
19124
19131
19187
19617
19663
19721
16165
19871
19876
16384
20180
20492
20499
20514
20525
20545
20559
17008
17008
20694
20746
20747
17296
20949
21010
21013
21073
17547
17547
21133
21145
21178
21592
17946
17946
21599
21607
18060
18060
18147
18147
21802
22275
22278
22282
22449
22457
22461
22820
22837
22865
22946
22954
22986
22990
22996
23077
23082
19481
19530
19530
23246
23247
23255
23416
19868
23538
23572
23576
23585
20023
23767
23775
23790
24042
24118
20425
24124
24138
24170
24240
24266
24355
24361
24431
24436
24443
24445
24455
20943
24465
24470
24476
24558
24568
24621
24628
24638
24683
24704
24709
24748
24859
21521
24966
24968
24997
25032
25192
25211
25281
25323
25382
25394
25475
25774
25790
25847
25874
22380
22380
25926
25927
25986
26036
26101
26155
26165
26174
26234
26235
22804
26247
23045
26327
26337
26361
26385
26473
23229
26631
26741
26782
26792
23514
23634
23634
26808
26839
23732
23732
26976
27046
27151
27225
24219
24219
27382
27444
27461
27476
27480
27484
27505
27579
27668
27790
27947
25179
27950
27965
28028
28035
28046
28080
28156
28158
28166
28282
28323
28337
28345
25769
25769
28430
28521
28648
28703
28722
26150
28755
28778
28836
28883
28892
28895
28935
26571
28991
29006
29028
26729
29278
29333
27025
29352
29355
29365
29377
29477
29482
29527
29584
29586
29606
29613
29717
29726
27717
27717
27766
29889
29925
29951
30037
30058
30062
30082
30084
30093
30115
30137
30268
30284
30345
28619
30348
28697
28697
30353
30356
30370
30491
30515
30521
30539
30759
29327
30761
29475
30917
31139
29775
29775
29824
29824
31231
31245
31272
31273
31275
31296
31302
31314
30419
31383
30468
30468
30588
30588
31545
31578
31625
31638
30859
31727
31733
31745
30966
30966
31844
31064
31853
31864
31878
31901
31920
31935
31985
32027
32085
32103
32105
31687
32123
32148
32165
32221
32226
32247
32214
32214
32297
32296
